7.60092369
7.68953467
7.95929216
7.91850996
7.91379623
7.91557037
7.89908244
7.59828735
8.17777916
7.83992604
7.85536757
8.14350314
8.15990361
8.0442306
7.95007911
7.65781019
8.53733707
8.36945206
7.87112736
8.08834888
7.54724719
8.0766446
7.57532166
8.31967688
8.59965826
8.8296593
8.02395361
7.96305218
8.05021881
7.98993413
7.82868751
7.43026987
7.99839266
7.99919346
7.87341496
8.29619223
8.1894133
8.43601813
7.79490864
8.07271811
8.30573168
8.06924008
7.56427713
8.06789245
7.88563015
8.28815666
8.11355028
7.9890443
8.10284101
7.65851825